<?xml version="1.0"?>
<opencv_storage>
<calibration_Time>"Fri Nov 16 11:00:34 2018"</calibration_Time>
<nrOfFrames>25</nrOfFrames>
<image_Width>640</image_Width>
<image_Height>426</image_Height>
<board_Width>9</board_Width>
<board_Height>6</board_Height>
<square_Size>50.</square_Size>
<FixAspectRatio>1.</FixAspectRatio>
<!-- flags:  +fix_aspectRatio +fix_principal_point -->
<flagValue>6</flagValue>
<Camera_Matrix type_id="opencv-matrix">
  <rows>3</rows>
  <cols>3</cols>
  <dt>d</dt>
  <data>
    4.6618874961590114e+02 0. 320. 0. 4.6618874961590114e+02 213. 0. 0.
    1.</data></Camera_Matrix>
<Distortion_Coefficients type_id="opencv-matrix">
  <rows>5</rows>
  <cols>1</cols>
  <dt>d</dt>
  <data>
    -7.6634604887242289e-02 2.4678415075705742e-01
    -5.9084432300489159e-03 8.1790420843563837e-04
    -2.9210824264458785e-01</data></Distortion_Coefficients>
<Avg_Reprojection_Error>2.3084058682952047e-01</Avg_Reprojection_Error>
<Per_View_Reprojection_Errors type_id="opencv-matrix">
  <rows>25</rows>
  <cols>1</cols>
  <dt>f</dt>
  <data>
    1.92896798e-01 1.84373394e-01 2.27516785e-01 2.23177552e-01
    2.25976110e-01 2.51475841e-01 2.63052106e-01 2.08056703e-01
    1.70584321e-01 1.86563954e-01 2.29603261e-01 3.00912738e-01
    2.72981584e-01 2.94615537e-01 1.86433420e-01 2.13657469e-01
    1.73428968e-01 2.02902794e-01 2.21356601e-01 2.77973205e-01
    2.64644384e-01 2.40948677e-01 1.82485476e-01 3.02794337e-01
    1.82020783e-01</data></Per_View_Reprojection_Errors>
<!-- a set of 6-tuples (rotation vector + translation vector) for each view -->
<Extrinsic_Parameters type_id="opencv-matrix">
  <rows>25</rows>
  <cols>6</cols>
  <dt>d</dt>
  <data>
    1.1502582813947573e-01 -1.5842005354774463e-01
    2.1161390408222513e-02 -2.8751348167866183e+02
    -2.1569881060866896e+02 5.6035995201729270e+02
    1.1273278848699131e-01 -1.5910402312609279e-01
    2.1287816842121929e-02 -2.8745504756124808e+02
    -2.1305120468320808e+02 5.6091983180601005e+02
    1.1081936060766172e-01 -1.5915050257221919e-01
    2.2415797200878114e-02 -2.8800172978110686e+02
    -2.1110266629054701e+02 5.6182429594298151e+02
    1.0946224730062452e-01 -1.6030415939375614e-01
    2.4540362378247405e-02 -2.8884285502133730e+02
    -2.0974610361309502e+02 5.6329837124803737e+02
    1.1074586964380606e-01 -1.6244701857613217e-01
    2.6127934818453453e-02 -2.8902616682661977e+02
    -2.0925587295673864e+02 5.6505681827374838e+02
    1.1111530753223593e-01 -1.6429965987113734e-01
    2.6911363875242393e-02 -2.8925071039240567e+02
    -2.0914250432756296e+02 5.6765185721948274e+02
    1.1100284838828166e-01 -1.6528850967530573e-01
    2.7545151582163207e-02 -2.9021091685411295e+02
    -2.0903227533205859e+02 5.7083600342172031e+02
    1.1354872641684326e-01 -1.6875062147646627e-01
    2.5174635356474601e-02 -2.9101204622186049e+02
    -2.0827440178927981e+02 5.7363282724616613e+02
    1.1473383282758154e-01 -1.7004271674222179e-01
    2.3572305454334232e-02 -2.9119881314236852e+02
    -2.0754170574527339e+02 5.7762057131057463e+02
    1.1433107715809317e-01 -1.6988676077394130e-01
    2.5455692908985507e-02 -2.9069842713097938e+02
    -2.0579718835925553e+02 5.8273323908605494e+02
    1.1266347970996442e-01 -1.7179081543913888e-01
    2.8140905342377030e-02 -2.8932647154819421e+02
    -2.0361695360957032e+02 5.8812758100491578e+02
    1.0996552070626466e-01 -1.6951870074987480e-01
    3.0280965507249912e-02 -2.8679003145875930e+02
    -2.0129811834410074e+02 5.9472710105264491e+02
    1.0467233268858306e-01 -1.6804529620226577e-01
    3.2262556642864620e-02 -2.8470491549888862e+02
    -1.9816082143322998e+02 6.0208543496018979e+02
    9.9788316498562624e-02 -1.6695494219806092e-01
    3.3976243090961450e-02 -2.8294593607480539e+02
    -1.9493070899892626e+02 6.0969344332565674e+02
    9.7025954297001463e-02 -1.6620117219803521e-01
    3.6611582514936757e-02 -2.8175012749418437e+02
    -1.9175323180732721e+02 6.1854145584396497e+02
    9.1368793268407134e-02 -1.6844478715933167e-01
    3.9385688053551693e-02 -2.8129494910001574e+02
    -1.8930534428897590e+02 6.2667284284724440e+02
    8.9696275863812305e-02 -1.7041002294575908e-01
    4.0912311714455959e-02 -2.8052110509486397e+02
    -1.8669678299457527e+02 6.3474957548620660e+02
    8.6860796986436770e-02 -1.7059159191345530e-01
    4.1474741181014484e-02 -2.7971896228737427e+02
    -1.8445504363079255e+02 6.4322242133451368e+02
    8.3083421652095743e-02 -1.6947548120877812e-01
    4.2473956223828165e-02 -2.7770051112707938e+02
    -1.8271628470112893e+02 6.5195528231220942e+02
    7.8985527968697469e-02 -1.6971089096482270e-01
    4.2663927377016832e-02 -2.7515157847279636e+02
    -1.8017326671974931e+02 6.5935300169547077e+02
    7.5194777548764719e-02 -1.6838563626282879e-01
    4.3308724445488160e-02 -2.7257137330530122e+02
    -1.7694868755958191e+02 6.6697041882741792e+02
    6.9401226813820716e-02 -1.6735754439869871e-01
    4.3499661994530418e-02 -2.7043448886553489e+02
    -1.7312745364313494e+02 6.7469464019641396e+02
    6.7492870858640627e-02 -1.6554765551353437e-01
    4.3792370516798428e-02 -2.6900747282259186e+02
    -1.6971701263782006e+02 6.8175305232300468e+02
    5.7639815442016448e-02 -1.6199275602850599e-01
    4.2359549228911719e-02 -2.6618894284329997e+02
    -1.6759823575872932e+02 6.8841112699743758e+02
    6.0762277853478458e-02 -1.5955911255602401e-01
    4.3345045522701894e-02 -2.6285711464434962e+02
    -1.6513274260947418e+02 6.9408322880910873e+02</data></Extrinsic_Parameters>
