<?xml version="1.0"?>
<opencv_storage>
<calibration_Time>"Thu Nov 22 10:24:53 2018"</calibration_Time>
<nrOfFrames>10</nrOfFrames>
<image_Width>640</image_Width>
<image_Height>426</image_Height>
<board_Width>7</board_Width>
<board_Height>7</board_Height>
<square_Size>50.</square_Size>
<FixAspectRatio>1.</FixAspectRatio>
<!-- flags:  +fix_aspectRatio +fix_principal_point +zero_tangent_dist -->
<flagValue>14</flagValue>
<Camera_Matrix type_id="opencv-matrix">
  <rows>3</rows>
  <cols>3</cols>
  <dt>d</dt>
  <data>
    4.4740797894345377e+02 0. 320. 0. 4.4740797894345377e+02 213. 0. 0.
    1.</data></Camera_Matrix>
<Distortion_Coefficients type_id="opencv-matrix">
  <rows>5</rows>
  <cols>1</cols>
  <dt>d</dt>
  <data>
    1.7657493713843387e-02 -1.6646113914955049e-01 0. 0.
    2.6525645359464572e-01</data></Distortion_Coefficients>
<Avg_Reprojection_Error>4.0930106349883824e+00</Avg_Reprojection_Error>
<Per_View_Reprojection_Errors type_id="opencv-matrix">
  <rows>10</rows>
  <cols>1</cols>
  <dt>f</dt>
  <data>
    1.16245842e+00 6.27239370e+00 4.53642797e+00 5.52061176e+00
    8.20701122e-01 4.29529238e+00 3.82032585e+00 5.57981396e+00
    3.29406500e+00 2.71355599e-01</data></Per_View_Reprojection_Errors>
<!-- a set of 6-tuples (rotation vector + translation vector) for each view -->
<Extrinsic_Parameters type_id="opencv-matrix">
  <rows>10</rows>
  <cols>6</cols>
  <dt>d</dt>
  <data>
    9.3857973480236201e-01 4.4935972527018608e-01
    -3.0999262373593958e-02 3.5577918919997302e+02
    -4.5388733626793243e+02 1.1140478416368412e+03
    3.9889663278213883e-01 -1.1839439040019042e+00
    3.9471111542997550e-01 -7.3045964361958568e+02
    -7.4515553288888032e+02 1.7353897717251748e+03
    5.3586033851621806e-01 6.5729331970339855e-01 1.3822669470206963e+00
    -1.7455134985622603e+01 -3.4411610107102334e+01
    1.6019035346555470e+03 3.9588296854262212e-01
    -4.2773226920044838e-01 1.8790178786999590e-01
    -1.1479737581587037e+03 1.6876297638231540e+02
    1.9355225082942361e+03 3.1256393337054145e-01
    -1.5306353171337420e-01 -3.9436877278284217e-02
    -6.8807445537908177e+02 -5.3330084847396768e+02
    1.3712041062483295e+03 -5.7668771868535706e-01
    -9.2143694452098779e-01 1.0547592195714570e+00
    -5.1122521595417896e+02 1.0652360600026161e+02
    2.1249284311245792e+03 1.6468331082669396e-01 3.5957862689497061e-01
    -2.3984360064848820e-03 8.1009897732315130e+02
    -8.1509144649081350e+01 1.7905842537631529e+03
    8.3951807381724730e-01 -5.0173640277745846e-01
    1.8776711282671141e-01 -1.3592341276068103e+03
    -7.4344563971191781e+02 2.0117815578743175e+03
    2.2397606579962312e-01 1.2809145030201012e+00 3.1597729315915191e-01
    5.9874023525822099e+02 -2.1157715917132927e+02
    1.3183613605131272e+03 -1.4345019873807507e-01
    -1.6040458144468728e-01 3.0323874156463209e+00
    -7.6508951898277894e+02 2.0067803201262311e+01
    1.6493303002344167e+03</data></Extrinsic_Parameters>
<Image_points type_id="opencv-matrix">
  <rows>10</rows>
  <cols>49</cols>
  <dt>"2f"</dt>
  <data>
    4.62879181e+02 3.05165405e+01 4.83691437e+02 3.15380077e+01
    5.05610260e+02 3.15482292e+01 5.28231079e+02 3.15000553e+01
    5.51518616e+02 3.16564655e+01 5.75643005e+02 3.24900856e+01
    6.00517883e+02 3.35491066e+01 4.62132904e+02 4.85616608e+01
    4.82265533e+02 4.95452538e+01 5.03513885e+02 4.95685158e+01
    5.25376038e+02 4.96334953e+01 5.47820129e+02 5.03859367e+01
    5.70995911e+02 5.15202904e+01 5.95067017e+02 5.25316124e+01
    4.61388031e+02 6.56403275e+01 4.81017548e+02 6.64160461e+01
    5.01608551e+02 6.64793549e+01 5.22629639e+02 6.67262115e+01
    5.44440369e+02 6.76032715e+01 5.66657532e+02 6.92397690e+01
    5.89813904e+02 7.04755325e+01 4.60480164e+02 8.12639465e+01
    4.79905151e+02 8.14704666e+01 4.99734283e+02 8.22857742e+01
    5.20166443e+02 8.27513962e+01 5.41071411e+02 8.41741409e+01
    5.62682800e+02 8.55768738e+01 5.84949463e+02 8.72196350e+01
    4.60421936e+02 9.53556824e+01 4.78820740e+02 9.56346512e+01
    4.98205078e+02 9.66706619e+01 5.17715271e+02 9.80103226e+01
    5.38020630e+02 9.95761108e+01 5.58844238e+02 1.01124580e+02
    5.80524841e+02 1.03047417e+02 4.59440948e+02 1.14629112e+02
    4.77914795e+02 1.09561455e+02 4.96450531e+02 1.10955009e+02
    5.15455322e+02 1.12509964e+02 5.35014587e+02 1.14095718e+02
    5.55416382e+02 1.16030403e+02 5.76016418e+02 1.18103752e+02
    4.59479736e+02 1.21094131e+02 4.76744202e+02 1.22562164e+02
    4.94746368e+02 1.24311089e+02 5.13308655e+02 1.26355782e+02
    5.32426086e+02 1.28191666e+02 5.51769287e+02 1.30334137e+02
    5.72204468e+02 1.32418839e+02 1.27519745e+02 2.13472233e+01
    1.41315018e+02 3.19688663e+01 1.47558960e+02 3.19880714e+01
    1.58878494e+02 4.54291649e+01 1.65446304e+02 4.18087540e+01
    1.69858353e+02 5.05941620e+01 1.92788773e+02 4.44830894e+01
    1.12914070e+02 2.35897064e+01 1.37435074e+02 3.95886879e+01
    1.47378403e+02 4.31913452e+01 1.58278809e+02 4.65293617e+01
    1.62663177e+02 4.82959862e+01 1.63891495e+02 6.00626221e+01
    1.78224640e+02 6.81700211e+01 1.21577744e+02 4.55892830e+01
    1.32246994e+02 4.91431503e+01 1.43133652e+02 5.19168472e+01
    1.47884872e+02 6.64172745e+01 1.60274933e+02 5.95995445e+01
    1.58956055e+02 7.21236267e+01 1.62541687e+02 7.36058197e+01
    1.15643227e+02 5.65389214e+01 1.26762970e+02 6.13839149e+01
    1.30847076e+02 7.31294327e+01 1.48435364e+02 6.64761200e+01
    1.51026306e+02 8.05924301e+01 1.56411514e+02 7.76523819e+01
    1.60657867e+02 8.48220596e+01 1.09771553e+02 6.87510834e+01
    1.21295326e+02 7.00662842e+01 1.30906723e+02 7.33259201e+01
    1.28421936e+02 8.49655228e+01 1.38461639e+02 8.89638824e+01
    1.47889526e+02 9.34391251e+01 1.52135986e+02 9.42014008e+01
    9.74403076e+01 8.09538803e+01 1.15716965e+02 8.04244919e+01
    1.19836235e+02 9.52846375e+01 1.30456955e+02 9.85421448e+01
    1.32996368e+02 9.95490417e+01 1.41177124e+02 1.01930382e+02
    1.55750961e+02 1.06563164e+02 1.00501465e+02 8.83658829e+01
    1.09852470e+02 9.21075974e+01 1.20099564e+02 9.52440567e+01
    1.30577988e+02 9.85721283e+01 1.33889175e+02 1.00429817e+02
    1.41473587e+02 1.02228554e+02 1.55816971e+02 1.06568855e+02
    3.15177917e+02 2.05714981e+02 3.16158142e+02 2.18453522e+02
    3.17372772e+02 2.32595490e+02 3.17670502e+02 2.46530106e+02
    3.19400269e+02 2.60248962e+02 3.20430634e+02 2.74295380e+02
    3.20094849e+02 2.88159607e+02 3.04222534e+02 2.06677872e+02
    3.04405212e+02 2.14532379e+02 3.05631256e+02 2.27538696e+02
    3.07435028e+02 2.47536682e+02 3.07772827e+02 2.61494659e+02
    3.08466034e+02 2.75043091e+02 3.09596558e+02 2.89237427e+02
    2.99240112e+02 2.09084518e+02 2.94642395e+02 2.17087616e+02
    2.95516205e+02 2.29435226e+02 3.02049988e+02 2.48333160e+02
    2.97939850e+02 2.62424927e+02 2.98673767e+02 2.76250488e+02
    3.03741180e+02 2.89359375e+02 2.89494843e+02 2.17434677e+02
    2.89799469e+02 2.17580017e+02 2.90512054e+02 2.30510101e+02
    2.91246674e+02 2.43316833e+02 2.92296082e+02 2.63155609e+02
    2.93022156e+02 2.76516571e+02 2.88268829e+02 2.90330170e+02
    2.80504303e+02 2.07378220e+02 2.81154907e+02 2.19671478e+02
    2.81084412e+02 2.32547607e+02 2.81324554e+02 2.44337296e+02
    2.82300262e+02 2.58168121e+02 2.82848663e+02 2.77390900e+02
    2.83399597e+02 2.90539978e+02 2.71144318e+02 2.21487976e+02
    2.71421356e+02 2.27745071e+02 2.72221252e+02 2.33769958e+02
    2.72918854e+02 2.46201050e+02 2.74126007e+02 2.58416748e+02
    2.74405365e+02 2.71483887e+02 2.74115692e+02 2.91159973e+02
    2.52163940e+02 2.09417618e+02 2.61641418e+02 2.35713348e+02
    2.68421082e+02 2.47177597e+02 2.68469940e+02 2.47445480e+02
    2.63854248e+02 2.60066742e+02 2.69299805e+02 2.72380280e+02
    2.63297943e+02 2.92108887e+02 5.14158669e+01 2.50888474e+02
    7.14928741e+01 2.52754868e+02 7.16476517e+01 2.52750427e+02
    9.60330582e+01 2.54659485e+02 1.07827850e+02 2.55656845e+02
    1.20285828e+02 2.56414215e+02 1.28919510e+02 2.56431396e+02
