<?xml version="1.0"?>
<opencv_storage>
<data type_id="opencv-matrix">
  <rows>3</rows>
  <cols>4</cols>
  <dt>d</dt>
  <data>
    -4.4461833683285255e+02 3.9670689336325999e+01
    3.2142599549792897e+02 -1.1810795139636859e+03
    -1.7111909736153854e+00 -4.2082258561396037e+02
    2.6162630388571165e+02 -9.4435850827174022e+02
    8.6217102633932095e-03 1.1160808493927935e-01 9.9371489950001257e-01
    -4.4394627360544199e+00</data></data>
</opencv_storage>
