<?xml version="1.0"?>
<opencv_storage>
<data type_id="opencv-matrix">
  <rows>3</rows>
  <cols>4</cols>
  <dt>d</dt>
  <data>
    -4.6607361972225289e+02 -7.1130903668797343e+00
    2.9205938534259661e+02 -1.6139874964066887e+03
    -8.5406076523937635e-01 -4.4340274799518113e+02
    2.2121521935164660e+02 -7.6821170683340131e+02
    -6.1501651806761135e-02 1.7624062238416685e-02
    9.9795137118762256e-01 -4.5344069050855316e+00</data></data>
</opencv_storage>
