<?xml version="1.0"?>
<opencv_storage>
<data>
  -2.0305281504988670e-02 -2.0908985286951065e-02 8.1672564148902893e-02</data>
<scale>1.</scale>
</opencv_storage>
